0 1 0 0 10.4870 0.5000
0 1 0 0 8.2360 0.5000
100 1 0 0 8.2330 0.5000
100 1 0 0 8.1600 0.5000
100 1 0 0 8.1370 0.5000
0 1 0 0 7.7900 0.5000
0 1 0 0 7.8910 0.5000
0 1 0 0 8.8770 0.5000
0 1 0 0 7.7000 0.5000
0 1 0 0 9.8000 0.5000
0 1 0 0 8.4580 0.5000
0 1 0 0 7.6600 0.5000
10 1 0 0 0.0000 0.5000
0 1 0 0 8.3350 0.5000
100 1 0 0 8.1360 0.5000
300 0 0 1 100.0480 0.0000
300 0 0 1 100.0480 0.0000
150 0 1 0 23.0400 0.0000
1 1 0 0 8.5910 0.5000
310 1 0 0 28.3930 0.1250
310 1 0 0 25.5600 0.1250
315 0 1 0 15.2490 0.0000
315 0 1 0 15.8020 0.0000
315 1 0 0 25.3890 0.1250
315 0 1 0 8.6720 0.0000
315 1 0 0 20.0540 0.1250
315 0 1 0 15.3780 0.0000
300 0 1 0 9.5620 0.0000
310 0 1 0 12.0720 0.0000
100 1 0 0 10.2020 0.5000
200 1 0 0 7.9320 0.5000
100 1 0 0 13.9800 0.3857
300 1 0 0 18.3590 0.1250
310 1 0 0 18.4690 0.1250
315 0 1 0 9.6180 0.0000
315 0 1 0 2.6170 0.0000
315 0 1 0 9.2880 0.0000
315 0 1 0 9.8200 0.0000
315 0 1 0 2.4050 0.0000
300 0 1 0 6.4790 0.0000
300 0 1 0 6.5640 0.0000
300 1 0 0 15.7270 0.1250
305 0 1 0 15.0830 0.0000
305 0 1 0 15.6260 0.0000
305 0 1 0 15.0130 0.0000
100 1 0 0 10.7980 0.4994
100 1 0 0 8.8970 0.5000
